Preparing files... Done. Found 19 usable files.
Static fields setup... Done
Checking required field for metrics...
correlation             is complete.

Fields to be loaded:
2m_temperature       <- 2m_temperature
10m_u_component_of_wind <- 10m_u_component_of_wind
10m_v_component_of_wind <- 10m_v_component_of_wind
mean_sea_level_pressure <- mean_sea_level_pressure
>> sample: torch.Size([1, 1, 169, 441])
torch.Size([4, 4]) tensor([[ 0.9985, -0.1137,  0.1190,  0.3277],
        [-0.1137,  0.9957,  0.1917, -0.1057],
        [ 0.1190,  0.1917,  0.9962, -0.0504],
        [ 0.3277, -0.1057, -0.0504,  1.0000]])
>> sample: torch.Size([1, 1, 169, 441])
torch.Size([4, 4]) tensor([[ 0.9984, -0.0441,  0.0149,  0.2647],
        [-0.0441,  0.9958,  0.0483, -0.1857],
        [ 0.0149,  0.0483,  0.9961, -0.0997],
        [ 0.2647, -0.1857, -0.0997,  1.0000]])
>> sample: torch.Size([1, 1, 169, 441])
torch.Size([4, 4]) tensor([[ 0.9984, -0.0645,  0.0939,  0.2751],
        [-0.0645,  0.9957,  0.1025, -0.1235],
        [ 0.0939,  0.1025,  0.9963, -0.0299],
        [ 0.2751, -0.1235, -0.0299,  1.0000]])
>> sample: torch.Size([1, 1, 169, 441])
torch.Size([4, 4]) tensor([[ 0.9985,  0.0529, -0.0790,  0.2512],
        [ 0.0529,  0.9961, -0.0874, -0.1329],
        [-0.0790, -0.0874,  0.9954, -0.1455],
        [ 0.2512, -0.1329, -0.1455,  1.0000]])
>> sample: torch.Size([1, 1, 169, 441])
torch.Size([4, 4]) tensor([[ 0.9984,  0.0770,  0.0065,  0.0470],
        [ 0.0770,  0.9963,  0.2173, -0.0282],
        [ 0.0065,  0.2173,  0.9952, -0.0919],
        [ 0.0470, -0.0282, -0.0919,  1.0000]])
>> sample: torch.Size([1, 1, 169, 441])
torch.Size([4, 4]) tensor([[ 0.9986, -0.2111,  0.0047, -0.1979],
        [-0.2111,  0.9957,  0.1225, -0.0515],
        [ 0.0047,  0.1225,  0.9951, -0.0650],
        [-0.1979, -0.0515, -0.0650,  1.0000]])
>> sample: torch.Size([1, 1, 169, 441])
torch.Size([4, 4]) tensor([[ 0.9986,  0.1073,  0.0270,  0.2001],
        [ 0.1073,  0.9961,  0.2509, -0.0984],
        [ 0.0270,  0.2509,  0.9957, -0.0298],
        [ 0.2001, -0.0984, -0.0298,  1.0000]])
>> sample: torch.Size([1, 1, 169, 441])
torch.Size([4, 4]) tensor([[ 0.9984, -0.1222,  0.0568, -0.2283],
        [-0.1222,  0.9957, -0.0133, -0.1119],
        [ 0.0568, -0.0133,  0.9949, -0.0355],
        [-0.2283, -0.1119, -0.0355,  1.0000]])
>> sample: torch.Size([1, 1, 169, 441])
torch.Size([4, 4]) tensor([[ 0.9984, -0.0820,  0.0224,  0.1415],
        [-0.0820,  0.9961,  0.0484, -0.2706],
        [ 0.0224,  0.0484,  0.9962, -0.0917],
        [ 0.1415, -0.2706, -0.0917,  1.0000]])
>> sample: torch.Size([1, 1, 169, 441])
torch.Size([4, 4]) tensor([[ 0.9984,  0.0081,  0.0947, -0.1216],
        [ 0.0081,  0.9964,  0.0019, -0.1190],
        [ 0.0947,  0.0019,  0.9952, -0.0528],
        [-0.1216, -0.1190, -0.0528,  1.0000]])
>> sample: torch.Size([1, 1, 169, 441])
torch.Size([4, 4]) tensor([[ 0.9985, -0.0548,  0.0565,  0.2838],
        [-0.0548,  0.9956,  0.0846, -0.1429],
        [ 0.0565,  0.0846,  0.9963, -0.0713],
        [ 0.2838, -0.1429, -0.0713,  1.0000]])
>> sample: torch.Size([1, 1, 169, 441])
torch.Size([4, 4]) tensor([[ 0.9985, -0.1000,  0.1163,  0.3014],
        [-0.1000,  0.9957,  0.1522, -0.0992],
        [ 0.1163,  0.1522,  0.9961, -0.0659],
        [ 0.3014, -0.0992, -0.0659,  1.0000]])
>> sample: torch.Size([1, 1, 169, 441])
torch.Size([4, 4]) tensor([[ 0.9986, -0.1137,  0.0266, -0.1939],
        [-0.1137,  0.9960, -0.1350, -0.1198],
        [ 0.0266, -0.1350,  0.9950, -0.0587],
        [-0.1939, -0.1198, -0.0587,  1.0000]])
>> sample: torch.Size([1, 1, 169, 441])
torch.Size([4, 4]) tensor([[ 0.9984, -0.1966,  0.0750, -0.0127],
        [-0.1966,  0.9959,  0.2285, -0.0925],
        [ 0.0750,  0.2285,  0.9954, -0.0230],
        [-0.0127, -0.0925, -0.0230,  1.0000]])
>> sample: torch.Size([1, 1, 169, 441])
torch.Size([4, 4]) tensor([[ 0.9986, -0.1355,  0.0275, -0.1687],
        [-0.1355,  0.9957,  0.0455, -0.0924],
        [ 0.0275,  0.0455,  0.9950, -0.0656],
        [-0.1687, -0.0924, -0.0656,  1.0000]])
>> sample: torch.Size([1, 1, 169, 441])
torch.Size([4, 4]) tensor([[ 0.9984, -0.1053,  0.0589, -0.0611],
        [-0.1053,  0.9963, -0.1586, -0.1537],
        [ 0.0589, -0.1586,  0.9960, -0.0492],
        [-0.0611, -0.1537, -0.0492,  1.0000]])
>> sample: torch.Size([1, 1, 169, 441])
torch.Size([4, 4]) tensor([[ 0.9983, -0.2240,  0.0955,  0.2430],
        [-0.2240,  0.9958,  0.3001, -0.1283],
        [ 0.0955,  0.3001,  0.9961, -0.0907],
        [ 0.2430, -0.1283, -0.0907,  1.0000]])
>> sample: torch.Size([1, 1, 169, 441])
torch.Size([4, 4]) tensor([[ 0.9983, -0.0627,  0.1033,  0.3014],
        [-0.0627,  0.9957,  0.1588, -0.1386],
        [ 0.1033,  0.1588,  0.9964, -0.0275],
        [ 0.3014, -0.1386, -0.0275,  1.0000]])
>> sample: torch.Size([1, 1, 169, 441])
torch.Size([4, 4]) tensor([[ 0.9986, -0.0796,  0.0517, -0.1084],
        [-0.0796,  0.9964, -0.1209, -0.1840],
        [ 0.0517, -0.1209,  0.9958, -0.0653],
        [-0.1084, -0.1840, -0.0653,  1.0000]])
>> sample: torch.Size([1, 1, 169, 441])
torch.Size([4, 4]) tensor([[ 9.9840e-01, -2.3821e-01,  6.0840e-02, -3.7485e-02],
        [-2.3821e-01,  9.9592e-01,  2.3792e-01, -9.3547e-02],
        [ 6.0840e-02,  2.3792e-01,  9.9570e-01,  7.5348e-04],
        [-3.7485e-02, -9.3547e-02,  7.5348e-04,  9.9997e-01]])
>> sample: torch.Size([1, 1, 169, 441])
torch.Size([4, 4]) tensor([[ 0.9984, -0.0902, -0.0072,  0.1980],
        [-0.0902,  0.9960,  0.0825, -0.2633],
        [-0.0072,  0.0825,  0.9961, -0.1134],
        [ 0.1980, -0.2633, -0.1134,  1.0000]])
>> sample: torch.Size([1, 1, 169, 441])
torch.Size([4, 4]) tensor([[ 0.9984, -0.1798,  0.1146,  0.2270],
        [-0.1798,  0.9959,  0.3168, -0.1450],
        [ 0.1146,  0.3168,  0.9959, -0.0900],
        [ 0.2270, -0.1450, -0.0900,  1.0000]])
>> sample: torch.Size([1, 1, 169, 441])
torch.Size([4, 4]) tensor([[ 0.9983, -0.0967,  0.0349,  0.2751],
        [-0.0967,  0.9967, -0.0357, -0.1623],
        [ 0.0349, -0.0357,  0.9958, -0.0323],
        [ 0.2751, -0.1623, -0.0323,  1.0000]])
>> sample: torch.Size([1, 1, 169, 441])
torch.Size([4, 4]) tensor([[ 0.9983,  0.0229, -0.1042,  0.2050],
        [ 0.0229,  0.9960, -0.0687, -0.1484],
        [-0.1042, -0.0687,  0.9957, -0.1600],
        [ 0.2050, -0.1484, -0.1600,  1.0000]])
>> sample: torch.Size([1, 1, 169, 441])
torch.Size([4, 4]) tensor([[ 0.9985, -0.0425,  0.0439,  0.2773],
        [-0.0425,  0.9957,  0.0420, -0.1696],
        [ 0.0439,  0.0420,  0.9962, -0.0516],
        [ 0.2773, -0.1696, -0.0516,  1.0000]])
>> sample: torch.Size([1, 1, 169, 441])
torch.Size([4, 4]) tensor([[ 0.9985, -0.0592, -0.0190,  0.2120],
        [-0.0592,  0.9959,  0.0730, -0.2741],
        [-0.0190,  0.0730,  0.9961, -0.0834],
        [ 0.2120, -0.2741, -0.0834,  1.0000]])
>> sample: torch.Size([1, 1, 169, 441])
torch.Size([4, 4]) tensor([[ 0.9983, -0.0928,  0.0940,  0.3107],
        [-0.0928,  0.9957,  0.1276, -0.1128],
        [ 0.0940,  0.1276,  0.9962, -0.0723],
        [ 0.3107, -0.1128, -0.0723,  1.0000]])
>> sample: torch.Size([1, 1, 169, 441])
torch.Size([4, 4]) tensor([[ 0.9984, -0.0342,  0.0128,  0.2230],
        [-0.0342,  0.9959,  0.0641, -0.2160],
        [ 0.0128,  0.0641,  0.9960, -0.0881],
        [ 0.2230, -0.2160, -0.0881,  1.0000]])
>> sample: torch.Size([1, 1, 169, 441])
torch.Size([4, 4]) tensor([[ 0.9984, -0.0985,  0.1356,  0.1748],
        [-0.0985,  0.9959,  0.2803, -0.1407],
        [ 0.1356,  0.2803,  0.9960, -0.0803],
        [ 0.1748, -0.1407, -0.0803,  1.0000]])
>> sample: torch.Size([1, 1, 169, 441])
torch.Size([4, 4]) tensor([[ 0.9984, -0.0268,  0.0907, -0.1323],
        [-0.0268,  0.9963,  0.0582, -0.1561],
        [ 0.0907,  0.0582,  0.9950, -0.1093],
        [-0.1323, -0.1561, -0.1093,  1.0000]])
>> sample: torch.Size([1, 1, 169, 441])
torch.Size([4, 4]) tensor([[ 0.9985, -0.1102,  0.1185,  0.2803],
        [-0.1102,  0.9958,  0.2600, -0.1216],
        [ 0.1185,  0.2600,  0.9962, -0.0963],
        [ 0.2803, -0.1216, -0.0963,  1.0000]])
>> sample: torch.Size([1, 1, 169, 441])
torch.Size([4, 4]) tensor([[ 0.9985, -0.1530,  0.0928,  0.0978],
        [-0.1530,  0.9958,  0.2550, -0.1220],
        [ 0.0928,  0.2550,  0.9956, -0.0749],
        [ 0.0978, -0.1220, -0.0749,  1.0000]])
>> sample: torch.Size([1, 1, 169, 441])
torch.Size([4, 4]) tensor([[ 0.9985, -0.2282,  0.0584,  0.0759],
        [-0.2282,  0.9958,  0.2623, -0.1047],
        [ 0.0584,  0.2623,  0.9958, -0.0415],
        [ 0.0759, -0.1047, -0.0415,  1.0000]])
>> sample: torch.Size([1, 1, 169, 441])
torch.Size([4, 4]) tensor([[ 0.9985, -0.1606,  0.0522, -0.0809],
        [-0.1606,  0.9958,  0.0778, -0.0734],
        [ 0.0522,  0.0778,  0.9950, -0.0160],
        [-0.0809, -0.0734, -0.0160,  1.0000]])
>> sample: torch.Size([1, 1, 169, 441])
torch.Size([4, 4]) tensor([[ 0.9984, -0.1612,  0.0247, -0.1736],
        [-0.1612,  0.9958, -0.0935, -0.1094],
        [ 0.0247, -0.0935,  0.9951, -0.0763],
        [-0.1736, -0.1094, -0.0763,  1.0000]])
>> sample: torch.Size([1, 1, 169, 441])
torch.Size([4, 4]) tensor([[ 0.9984, -0.2148,  0.0510, -0.0127],
        [-0.2148,  0.9958,  0.1867, -0.0537],
        [ 0.0510,  0.1867,  0.9952, -0.0744],
        [-0.0127, -0.0537, -0.0744,  1.0000]])
>> sample: torch.Size([1, 1, 169, 441])
torch.Size([4, 4]) tensor([[ 0.9984, -0.0827, -0.0056,  0.2066],
        [-0.0827,  0.9961,  0.0683, -0.2561],
        [-0.0056,  0.0683,  0.9962, -0.1198],
        [ 0.2066, -0.2561, -0.1198,  1.0000]])
>> sample: torch.Size([1, 1, 169, 441])
torch.Size([4, 4]) tensor([[ 0.9985, -0.2281,  0.0349, -0.0997],
        [-0.2281,  0.9958,  0.1640, -0.0406],
        [ 0.0349,  0.1640,  0.9952,  0.0031],
        [-0.0997, -0.0406,  0.0031,  1.0000]])
>> sample: torch.Size([1, 1, 169, 441])
torch.Size([4, 4]) tensor([[ 0.9985, -0.0448, -0.0128,  0.2215],
        [-0.0448,  0.9958,  0.0823, -0.2320],
        [-0.0128,  0.0823,  0.9961, -0.1068],
        [ 0.2215, -0.2320, -0.1068,  1.0000]])
>> sample: torch.Size([1, 1, 169, 441])
torch.Size([4, 4]) tensor([[ 0.9984, -0.1031,  0.0021, -0.0178],
        [-0.1031,  0.9962, -0.1396, -0.1811],
        [ 0.0021, -0.1396,  0.9961, -0.0684],
        [-0.0178, -0.1811, -0.0684,  1.0000]])
>> sample: torch.Size([1, 1, 169, 441])
torch.Size([4, 4]) tensor([[ 0.9984, -0.0930, -0.0160,  0.1857],
        [-0.0930,  0.9960,  0.0806, -0.2551],
        [-0.0160,  0.0806,  0.9961, -0.1163],
        [ 0.1857, -0.2551, -0.1163,  1.0000]])
>> sample: torch.Size([1, 1, 169, 441])
torch.Size([4, 4]) tensor([[ 0.9984, -0.1526,  0.0445, -0.2321],
        [-0.1526,  0.9957, -0.0257, -0.1150],
        [ 0.0445, -0.0257,  0.9950, -0.0396],
        [-0.2321, -0.1150, -0.0396,  1.0000]])
>> sample: torch.Size([1, 1, 169, 441])
torch.Size([4, 4]) tensor([[ 0.9986, -0.0823,  0.0187, -0.1957],
        [-0.0823,  0.9962, -0.0818, -0.1490],
        [ 0.0187, -0.0818,  0.9950, -0.1079],
        [-0.1957, -0.1490, -0.1079,  1.0000]])
>> sample: torch.Size([1, 1, 169, 441])
torch.Size([4, 4]) tensor([[ 0.9984, -0.1614,  0.1230,  0.2397],
        [-0.1614,  0.9958,  0.2868, -0.1265],
        [ 0.1230,  0.2868,  0.9962, -0.0691],
        [ 0.2397, -0.1265, -0.0691,  1.0000]])
>> sample: torch.Size([1, 1, 169, 441])
torch.Size([4, 4]) tensor([[ 0.9985, -0.0535,  0.0620,  0.2949],
        [-0.0535,  0.9956,  0.0885, -0.1486],
        [ 0.0620,  0.0885,  0.9964, -0.0710],
        [ 0.2949, -0.1486, -0.0710,  1.0000]])
>> sample: torch.Size([1, 1, 169, 441])
torch.Size([4, 4]) tensor([[ 0.9986, -0.0690,  0.0448, -0.2127],
        [-0.0690,  0.9958, -0.0935, -0.1299],
        [ 0.0448, -0.0935,  0.9949, -0.0320],
        [-0.2127, -0.1299, -0.0320,  1.0000]])
>> sample: torch.Size([1, 1, 169, 441])
torch.Size([4, 4]) tensor([[ 0.9985, -0.0487, -0.0164,  0.2135],
        [-0.0487,  0.9958,  0.0929, -0.2327],
        [-0.0164,  0.0929,  0.9960, -0.1102],
        [ 0.2135, -0.2327, -0.1102,  1.0000]])
>> sample: torch.Size([1, 1, 169, 441])
torch.Size([4, 4]) tensor([[ 0.9983,  0.0382, -0.0162,  0.3147],
        [ 0.0382,  0.9964, -0.0824, -0.1089],
        [-0.0162, -0.0824,  0.9950, -0.1225],
        [ 0.3147, -0.1089, -0.1225,  1.0000]])
>> sample: torch.Size([1, 1, 169, 441])
torch.Size([4, 4]) tensor([[ 0.9986, -0.1790,  0.0407, -0.0858],
        [-0.1790,  0.9958,  0.1079, -0.0688],
        [ 0.0407,  0.1079,  0.9950, -0.0120],
        [-0.0858, -0.0688, -0.0120,  1.0000]])
>> sample: torch.Size([1, 1, 169, 441])
torch.Size([4, 4]) tensor([[ 0.9984, -0.2622,  0.0416, -0.0315],
        [-0.2622,  0.9959,  0.2262, -0.0458],
        [ 0.0416,  0.2262,  0.9955, -0.0491],
        [-0.0315, -0.0458, -0.0491,  1.0000]])
>> sample: torch.Size([1, 1, 169, 441])
torch.Size([4, 4]) tensor([[ 0.9984, -0.1746,  0.0881,  0.0017],
        [-0.1746,  0.9958,  0.2064, -0.1018],
        [ 0.0881,  0.2064,  0.9955, -0.0313],
        [ 0.0017, -0.1018, -0.0313,  1.0000]])
>> sample: torch.Size([1, 1, 169, 441])
torch.Size([4, 4]) tensor([[ 0.9984, -0.1918,  0.0607, -0.0087],
        [-0.1918,  0.9958,  0.1598, -0.0719],
        [ 0.0607,  0.1598,  0.9953, -0.0755],
        [-0.0087, -0.0719, -0.0755,  1.0000]])
>> sample: torch.Size([1, 1, 169, 441])
torch.Size([4, 4]) tensor([[ 0.9984,  0.0594, -0.0675,  0.3275],
        [ 0.0594,  0.9962, -0.0863, -0.1130],
        [-0.0675, -0.0863,  0.9953, -0.1727],
        [ 0.3275, -0.1130, -0.1727,  1.0000]])
>> sample: torch.Size([1, 1, 169, 441])
torch.Size([4, 4]) tensor([[ 0.9985, -0.1537,  0.1279,  0.1757],
        [-0.1537,  0.9958,  0.2795, -0.1268],
        [ 0.1279,  0.2795,  0.9957, -0.0343],
        [ 0.1757, -0.1268, -0.0343,  1.0000]])
>> sample: torch.Size([1, 1, 169, 441])
torch.Size([4, 4]) tensor([[ 0.9985, -0.0598, -0.0206,  0.2038],
        [-0.0598,  0.9959,  0.0892, -0.2679],
        [-0.0206,  0.0892,  0.9960, -0.0839],
        [ 0.2038, -0.2679, -0.0839,  1.0000]])
>> sample: torch.Size([1, 1, 169, 441])
torch.Size([4, 4]) tensor([[ 0.9985, -0.0223, -0.0394,  0.0982],
        [-0.0223,  0.9960, -0.0954, -0.1733],
        [-0.0394, -0.0954,  0.9960, -0.1172],
        [ 0.0982, -0.1733, -0.1172,  1.0000]])
>> sample: torch.Size([1, 1, 169, 441])
torch.Size([4, 4]) tensor([[ 0.9986,  0.0656, -0.0168, -0.0410],
        [ 0.0656,  0.9964,  0.1211, -0.0525],
        [-0.0168,  0.1211,  0.9951, -0.0736],
        [-0.0410, -0.0525, -0.0736,  1.0000]])
>> sample: torch.Size([1, 1, 169, 441])
torch.Size([4, 4]) tensor([[ 9.9855e-01, -1.5069e-04,  9.7956e-02, -1.6110e-01],
        [-1.5069e-04,  9.9626e-01,  3.8959e-02, -1.4812e-01],
        [ 9.7956e-02,  3.8959e-02,  9.9505e-01, -7.5391e-02],
        [-1.6110e-01, -1.4812e-01, -7.5391e-02,  9.9998e-01]])
>> sample: torch.Size([1, 1, 169, 441])
torch.Size([4, 4]) tensor([[ 0.9984, -0.0471,  0.0026,  0.2548],
        [-0.0471,  0.9958,  0.0582, -0.1858],
        [ 0.0026,  0.0582,  0.9961, -0.0942],
        [ 0.2548, -0.1858, -0.0942,  1.0000]])
>> sample: torch.Size([1, 1, 169, 441])
torch.Size([4, 4]) tensor([[ 0.9986,  0.0197,  0.0730, -0.1559],
        [ 0.0197,  0.9964,  0.0250, -0.1604],
        [ 0.0730,  0.0250,  0.9951, -0.0752],
        [-0.1559, -0.1604, -0.0752,  1.0000]])
>> sample: torch.Size([1, 1, 169, 441])
torch.Size([4, 4]) tensor([[ 0.9983,  0.1099,  0.0576,  0.2904],
        [ 0.1099,  0.9961,  0.2873, -0.1002],
        [ 0.0576,  0.2873,  0.9956, -0.0016],
        [ 0.2904, -0.1002, -0.0016,  1.0000]])
>> sample: torch.Size([1, 1, 169, 441])
torch.Size([4, 4]) tensor([[ 0.9985, -0.0515, -0.0264,  0.2014],
        [-0.0515,  0.9958,  0.0928, -0.2308],
        [-0.0264,  0.0928,  0.9960, -0.1078],
        [ 0.2014, -0.2308, -0.1078,  1.0000]])
>> sample: torch.Size([1, 1, 169, 441])
torch.Size([4, 4]) tensor([[ 0.9985, -0.0894,  0.1211,  0.2387],
        [-0.0894,  0.9958,  0.2290, -0.1180],
        [ 0.1211,  0.2290,  0.9961, -0.1128],
        [ 0.2387, -0.1180, -0.1128,  1.0000]])
>> sample: torch.Size([1, 1, 169, 441])
torch.Size([4, 4]) tensor([[ 0.9983, -0.1037,  0.1061,  0.3460],
        [-0.1037,  0.9956,  0.2146, -0.1284],
        [ 0.1061,  0.2146,  0.9963, -0.0565],
        [ 0.3460, -0.1284, -0.0565,  1.0000]])
>> sample: torch.Size([1, 1, 169, 441])
torch.Size([4, 4]) tensor([[ 0.9985, -0.0877,  0.0176,  0.1644],
        [-0.0877,  0.9962, -0.0051, -0.1972],
        [ 0.0176, -0.0051,  0.9960, -0.0623],
        [ 0.1644, -0.1972, -0.0623,  1.0000]])
>> sample: torch.Size([1, 1, 169, 441])
torch.Size([4, 4]) tensor([[ 0.9984, -0.0419,  0.0128,  0.2732],
        [-0.0419,  0.9958,  0.0430, -0.1927],
        [ 0.0128,  0.0430,  0.9962, -0.1024],
        [ 0.2732, -0.1927, -0.1024,  1.0000]])
>> sample: torch.Size([1, 1, 169, 441])
torch.Size([4, 4]) tensor([[ 0.9986,  0.0938,  0.0192,  0.1143],
        [ 0.0938,  0.9961,  0.2671, -0.0820],
        [ 0.0192,  0.2671,  0.9955, -0.0488],
        [ 0.1143, -0.0820, -0.0488,  1.0000]])
>> sample: torch.Size([1, 1, 169, 441])
torch.Size([4, 4]) tensor([[ 0.9985, -0.1834,  0.0769,  0.0951],
        [-0.1834,  0.9958,  0.2692, -0.1060],
        [ 0.0769,  0.2692,  0.9956, -0.0679],
        [ 0.0951, -0.1060, -0.0679,  1.0000]])
>> sample: torch.Size([1, 1, 169, 441])
torch.Size([4, 4]) tensor([[ 0.9984,  0.0717,  0.0256,  0.3021],
        [ 0.0717,  0.9964, -0.0897, -0.0975],
        [ 0.0256, -0.0897,  0.9948, -0.0721],
        [ 0.3021, -0.0975, -0.0721,  1.0000]])
>> sample: torch.Size([1, 1, 169, 441])
torch.Size([4, 4]) tensor([[ 0.9985, -0.0452,  0.0363,  0.2699],
        [-0.0452,  0.9956,  0.0425, -0.1713],
        [ 0.0363,  0.0425,  0.9962, -0.0438],
        [ 0.2699, -0.1713, -0.0438,  1.0000]])
>> sample: torch.Size([1, 1, 169, 441])
torch.Size([4, 4]) tensor([[ 0.9985, -0.2390,  0.0860,  0.1908],
        [-0.2390,  0.9958,  0.2706, -0.1079],
        [ 0.0860,  0.2706,  0.9959, -0.0217],
        [ 0.1908, -0.1079, -0.0217,  1.0000]])
>> sample: torch.Size([1, 1, 169, 441])
torch.Size([4, 4]) tensor([[ 0.9983, -0.0038, -0.0498,  0.1810],
        [-0.0038,  0.9959, -0.0633, -0.1515],
        [-0.0498, -0.0633,  0.9959, -0.1379],
        [ 0.1810, -0.1515, -0.1379,  1.0000]])
>> sample: torch.Size([1, 1, 169, 441])
torch.Size([4, 4]) tensor([[ 0.9984, -0.2057,  0.0348, -0.2699],
        [-0.2057,  0.9958,  0.0064, -0.0802],
        [ 0.0348,  0.0064,  0.9951, -0.0420],
        [-0.2699, -0.0802, -0.0420,  1.0000]])
>> sample: torch.Size([1, 1, 169, 441])
torch.Size([4, 4]) tensor([[ 0.9984, -0.0345,  0.0037,  0.2138],
        [-0.0345,  0.9958,  0.0675, -0.2164],
        [ 0.0037,  0.0675,  0.9960, -0.0836],
        [ 0.2138, -0.2164, -0.0836,  1.0000]])
>> sample: torch.Size([1, 1, 169, 441])
torch.Size([4, 4]) tensor([[ 0.9984, -0.1387,  0.1273,  0.1897],
        [-0.1387,  0.9959,  0.3166, -0.1468],
        [ 0.1273,  0.3166,  0.9958, -0.0950],
        [ 0.1897, -0.1468, -0.0950,  1.0000]])
>> sample: torch.Size([1, 1, 169, 441])
torch.Size([4, 4]) tensor([[ 0.9984, -0.0859,  0.0907, -0.1581],
        [-0.0859,  0.9964, -0.0376, -0.1424],
        [ 0.0907, -0.0376,  0.9951, -0.0972],
        [-0.1581, -0.1424, -0.0972,  1.0000]])
>> sample: torch.Size([1, 1, 169, 441])
torch.Size([4, 4]) tensor([[ 0.9983, -0.0974,  0.0999,  0.3243],
        [-0.0974,  0.9957,  0.1728, -0.1197],
        [ 0.0999,  0.1728,  0.9963, -0.0597],
        [ 0.3243, -0.1197, -0.0597,  1.0000]])
>> sample: torch.Size([1, 1, 169, 441])
torch.Size([4, 4]) tensor([[ 0.9986, -0.1581,  0.0097, -0.1815],
        [-0.1581,  0.9957,  0.0638, -0.0903],
        [ 0.0097,  0.0638,  0.9949, -0.0696],
        [-0.1815, -0.0903, -0.0696,  1.0000]])
>> sample: torch.Size([1, 1, 169, 441])
torch.Size([4, 4]) tensor([[ 0.9985, -0.0619, -0.0104,  0.0116],
        [-0.0619,  0.9960, -0.1194, -0.1798],
        [-0.0104, -0.1194,  0.9961, -0.0654],
        [ 0.0116, -0.1798, -0.0654,  1.0000]])
>> sample: torch.Size([1, 1, 169, 441])
torch.Size([4, 4]) tensor([[ 0.9984, -0.1285,  0.1248,  0.3559],
        [-0.1285,  0.9956,  0.2303, -0.1136],
        [ 0.1248,  0.2303,  0.9963, -0.0402],
        [ 0.3559, -0.1136, -0.0402,  1.0000]])
>> sample: torch.Size([1, 1, 169, 441])
torch.Size([4, 4]) tensor([[ 0.9984, -0.0137,  0.0906, -0.1966],
        [-0.0137,  0.9962,  0.0130, -0.1492],
        [ 0.0906,  0.0130,  0.9950, -0.0703],
        [-0.1966, -0.1492, -0.0703,  1.0000]])
>> sample: torch.Size([1, 1, 169, 441])
torch.Size([4, 4]) tensor([[ 0.9985, -0.1925,  0.1140,  0.1939],
        [-0.1925,  0.9958,  0.2844, -0.1205],
        [ 0.1140,  0.2844,  0.9957, -0.0318],
        [ 0.1939, -0.1205, -0.0318,  1.0000]])
>> sample: torch.Size([1, 1, 169, 441])
torch.Size([4, 4]) tensor([[ 0.9984, -0.1238,  0.0380, -0.1799],
        [-0.1238,  0.9957, -0.0586, -0.1125],
        [ 0.0380, -0.0586,  0.9949, -0.0661],
        [-0.1799, -0.1125, -0.0661,  1.0000]])
>> sample: torch.Size([1, 1, 169, 441])
torch.Size([4, 4]) tensor([[ 0.9985, -0.0863,  0.0839, -0.1231],
        [-0.0863,  0.9963, -0.0922, -0.1550],
        [ 0.0839, -0.0922,  0.9956, -0.0751],
        [-0.1231, -0.1550, -0.0751,  1.0000]])
>> sample: torch.Size([1, 1, 169, 441])
torch.Size([4, 4]) tensor([[ 0.9984, -0.0624,  0.1003,  0.2862],
        [-0.0624,  0.9957,  0.1317, -0.1286],
        [ 0.1003,  0.1317,  0.9963, -0.0304],
        [ 0.2862, -0.1286, -0.0304,  1.0000]])
>> sample: torch.Size([1, 1, 169, 441])
torch.Size([4, 4]) tensor([[ 0.9984,  0.0753, -0.0144,  0.0916],
        [ 0.0753,  0.9963,  0.2523, -0.0560],
        [-0.0144,  0.2523,  0.9954, -0.0832],
        [ 0.0916, -0.0560, -0.0832,  1.0000]])
>> sample: torch.Size([1, 1, 169, 441])
torch.Size([4, 4]) tensor([[ 0.9985, -0.0758,  0.0288,  0.1721],
        [-0.0758,  0.9962, -0.0018, -0.1932],
        [ 0.0288, -0.0018,  0.9961, -0.0639],
        [ 0.1721, -0.1932, -0.0639,  1.0000]])
>> sample: torch.Size([1, 1, 169, 441])
torch.Size([4, 4]) tensor([[ 0.9984, -0.1307,  0.1284,  0.2161],
        [-0.1307,  0.9959,  0.2945, -0.1434],
        [ 0.1284,  0.2945,  0.9960, -0.0694],
        [ 0.2161, -0.1434, -0.0694,  1.0000]])
>> sample: torch.Size([1, 1, 169, 441])
torch.Size([4, 4]) tensor([[ 0.9985, -0.0652, -0.0302,  0.1904],
        [-0.0652,  0.9959,  0.0874, -0.2706],
        [-0.0302,  0.0874,  0.9960, -0.0842],
        [ 0.1904, -0.2706, -0.0842,  1.0000]])
>> sample: torch.Size([1, 1, 169, 441])
torch.Size([4, 4]) tensor([[ 0.9984,  0.0040,  0.0453, -0.0771],
        [ 0.0040,  0.9964,  0.0143, -0.1079],
        [ 0.0453,  0.0143,  0.9951, -0.0587],
        [-0.0771, -0.1079, -0.0587,  1.0000]])
>> sample: torch.Size([1, 1, 169, 441])
torch.Size([4, 4]) tensor([[ 0.9984, -0.1027,  0.0826, -0.0999],
        [-0.1027,  0.9964, -0.0375, -0.1551],
        [ 0.0826, -0.0375,  0.9954, -0.1213],
        [-0.0999, -0.1551, -0.1213,  1.0000]])
>> sample: torch.Size([1, 1, 169, 441])
torch.Size([4, 4]) tensor([[ 0.9985, -0.0556,  0.0508,  0.2770],
        [-0.0556,  0.9956,  0.0725, -0.1394],
        [ 0.0508,  0.0725,  0.9963, -0.0598],
        [ 0.2770, -0.1394, -0.0598,  1.0000]])
>> sample: torch.Size([1, 1, 169, 441])
torch.Size([4, 4]) tensor([[ 0.9982,  0.0279, -0.0219,  0.3761],
        [ 0.0279,  0.9963, -0.0618, -0.1017],
        [-0.0219, -0.0618,  0.9951, -0.1451],
        [ 0.3761, -0.1017, -0.1451,  1.0000]])
>> sample: torch.Size([1, 1, 169, 441])
torch.Size([4, 4]) tensor([[ 0.9984, -0.0279,  0.0165,  0.2279],
        [-0.0279,  0.9959,  0.0509, -0.2142],
        [ 0.0165,  0.0509,  0.9961, -0.0934],
        [ 0.2279, -0.2142, -0.0934,  1.0000]])
>> sample: torch.Size([1, 1, 169, 441])
torch.Size([4, 4]) tensor([[ 0.9984, -0.0889,  0.0225,  0.1336],
        [-0.0889,  0.9961,  0.0430, -0.2648],
        [ 0.0225,  0.0430,  0.9961, -0.0822],
        [ 0.1336, -0.2648, -0.0822,  1.0000]])
>> sample: torch.Size([1, 1, 169, 441])
torch.Size([4, 4]) tensor([[ 0.9985, -0.0431,  0.0474,  0.2862],
        [-0.0431,  0.9957,  0.0378, -0.1743],
        [ 0.0474,  0.0378,  0.9962, -0.0493],
        [ 0.2862, -0.1743, -0.0493,  1.0000]])
>> sample: torch.Size([1, 1, 169, 441])
torch.Size([4, 4]) tensor([[ 0.9986,  0.0364,  0.0200, -0.0892],
        [ 0.0364,  0.9964,  0.0517, -0.0665],
        [ 0.0200,  0.0517,  0.9951, -0.0427],
        [-0.0892, -0.0665, -0.0427,  1.0000]])
>> sample: torch.Size([1, 1, 169, 441])
torch.Size([4, 4]) tensor([[ 0.9986, -0.0256,  0.0324, -0.2250],
        [-0.0256,  0.9960, -0.0431, -0.1590],
        [ 0.0324, -0.0431,  0.9950, -0.0778],
        [-0.2250, -0.1590, -0.0778,  1.0000]])
>> sample: torch.Size([1, 1, 169, 441])
torch.Size([4, 4]) tensor([[ 0.9985, -0.0861,  0.0257,  0.2356],
        [-0.0861,  0.9965, -0.0400, -0.1873],
        [ 0.0257, -0.0400,  0.9958,  0.0149],
        [ 0.2356, -0.1873,  0.0149,  1.0000]])
>> sample: torch.Size([1, 1, 169, 441])
torch.Size([4, 4]) tensor([[ 0.9985, -0.1349,  0.1218,  0.3150],
        [-0.1349,  0.9957,  0.2780, -0.1149],
        [ 0.1218,  0.2780,  0.9963, -0.0826],
        [ 0.3150, -0.1149, -0.0826,  1.0000]])
